---
version: 2
money:
  mentos221 xd: 514.000000
  ritorick1970: 2000000000.000000
  bell0928: 1607526855.000000
  ryo12525: 478.000000
  hiromun0120: 999548598.000000
  dekakin0920: 780.000000
  hurisuku1028: 1000
  riskyxyz: 999999849.000000
  karumakzk: 808610.000000
  plananpanman: 5930.000000
  chosenbet1: 988959.000000
  masaki128: 9222901250000000000.000000
  yuach0824: 990.000000
  shinkaigyo0306: 1000
  rio828: 1000
  yuuuuri 1224: 1723248.000000
  abrasivecargo56: 1000
  jun1025xpvp: 49900.000000
  ritorick0925: 999970991.000000
  inakami137: 1000
  dmpw: 1001000.000000
  hirahiroto13: 3001000.000000
  foscxd: 465445.000000
  keeees2513: 420.000000
  tikin1211: 900.000000
  happykouki0427: 990.000000
  ikachizuikami: 999.000000
  syoyulove: 990.000000
  oyuki1001: 1000
  shuriken110: 0.000000
  kurosan59: 172899.000000
  huipan11301130: 530.000000
  reontyanneru292: 1000
  tyamomo2525: 1000
  mastersanex: 410.000000
  bmw0418: 141000.000000
  youtube114514: 1000.000000
  yendorat: 99999999.000000
  noah0131: 700.000000
  wing1191: 1000
  ftv kawasima: 833.000000
  tkpnender: 1017633.000000
  boooochan: 1140.000000
  marisa1479: 165599.000000
  koujapan0924: 999981569.000000
  necocan1003: 194.000000
  sugisan13: 10695.000000
  natsu0803kun: 565.000000
  juvenilejewel81: 1000
  ka1to7090: 1000
  xelfy0928: 1000
  stunningbench23: 1849977083.000000
  osakana528: 3.000000
  pacman114514: 784.000000
  tenten0972: 1007393.000000
  swervingmiri2: 20.000000
  stunning23: 67849.000000
  masaakigamex: 50.000000
  k0904123456: 883829.000000
  yukkuri0809: 1000
  yukiyt12: 1000
  rem0014: 798969098.000000
  minamotosr: 6898.000000
  ghouzach: 1000
  sakiya0331sf: 1000
  isyoking10: 1000
  sionnhoruto0906: 876734.000000
  doragonblue22: 1302026.000000
  taku072002: 826.000000
  tokei0709: 6552822.000000
  neko25482: 3991.000000
  suraimu256: 79930.000000
  innga44: 995980593.000000
  nightbomb17: 742.000000
  ciekepo: 155000.000000
  hirotoki hiro: 0.000000
  jack2003y: 1000
  gigglingshoe290: 299.000000
  naho0644: 41780.000000
  kinako0w0: 4500.000000
  crazy114514: 170499.000000
  lskybrandl: 282.000000
  mykuratetudo999: 246540.000000
  perfectdeth4: 8700.000000
  yamachan304: 1065.000000
  to0106: 1000
  ferun1430: 888.000000
  ferw045: 2510526.000000
  hurisuku28: 97.000000
  yellowgirlmcpe: 1000
  isidayxxx: 99000999.000000
  timeplayr: 18423.000000
  rocket5hq: 1000
  hatochan 18675: 2844082.000000
  cookieforcs8817: 397.000000
  teminamoty: 1000
  taku07200: 1000
  yuuya9618: 1205000003.000000
  dryunotv: 1000
  abcryu0818: 85.000000
  takapopo: 1000
  fishgod5578: 4282593.000000
  noramikan: 1335642.000000
  luppy0131: 1000
  jokerpuppet00: 557896.000000
  koafal: 996.000000
  haruhinketu: 0.000000
  king heart1201: 1100.000000
  chapiemonn: 5895.000000
  usa0811: 30106.000000
  gottencurve6474: 1000
  neiru second: 1000650.000000
  kinoko114: 12000051997.000000
  godzillasato: 1000
  xfehwi: 1999999694.000000
  cinnamonbulb855: 1000
  tangiblecow7768: 1000
  anglybone8lol: 1000
  edccbbbaa: 1100.000000
  tusn1479: 1000
  greypanther0: 1000
  kuroe0123: 1000.000000
  imlowie: 1000
  turbokung407: 1000
  chickenkaraage: 1000
  soumaooo: 1000
  kqg8: 1000
  papimaru23: 1000
  sparkierspace39: 1000.000000
  yuukuso0923: 1000
  thepandaroux08: 1000
  kiyarameru14725: 1000
...
