---
world:
  X: 256.525300
  "Y": 5.000000
  Z: 256.534300
  Yaw: 270.650925
  Pitch: 6.727066
...
