---
world:
  X: 244.495400
  "Y": 5.000000
  Z: 256.511200
  Yaw: 116.827484
  Pitch: 90.000000
...
